---
build/assets/images/rubycamp-1e1a2728.png: 2016-06-28 23:20:44.382850980 +02:00
build/assets/images/joren-6269e4d8.jpeg: 2016-06-28 23:20:38.654873962 +02:00
build/assets/images/rubyburgers-54c13da2.jpg: 2016-06-28 23:20:38.730873657 +02:00
build/assets/images/railsgirls-e608152d.jpg: 2016-06-28 23:20:38.738873626 +02:00
build/assets/images/brug-296e15f6.jpg: 2016-06-28 23:20:38.878873065 +02:00
build/assets/images/brug-c1953bd2.png: 2016-06-28 23:20:39.694869791 +02:00
build/assets/images/rubyburgers-e4766415.png: 2016-06-28 23:20:38.978872662 +02:00
build/assets/images/oana-b580bf44.jpg: 2016-06-28 23:20:38.982872646 +02:00
build/assets/images/slack-d5b62c1c.png: 2016-06-28 23:20:39.594870191 +02:00
build/assets/images/toch-0d8ceaa7.jpeg: 2016-06-28 23:20:39.794869390 +02:00
build/assets/images/railsgirls-335a49ee.png: 2016-06-28 23:20:43.350855121 +02:00
build/assets/images/rubyjobs-939720ee.jpg: 2016-06-28 23:20:39.942868795 +02:00
build/assets/images/map-image-14192e7a.png: 2016-06-28 23:20:44.114852057 +02:00
build/assets/images/yannick-5aa1beeb.jpeg: 2016-06-28 23:20:40.030868441 +02:00
build/assets/images/rubycamp-47041191.jpg: 2016-06-28 23:20:40.234867623 +02:00
build/assets/images/hannes-577f4316.jpg: 2016-06-28 23:20:40.390866997 +02:00
